mean_visible_mass,0.3246769366
visible_mass
0.7677168006
0.5418951310
0.4565022457
0.1658874859
0.1986948362
0.4798454220
0.2460982237
0.5076235376
0.4065781142
0.2992634046
0.4729846193
0.5018587683
0.3976173763
0.2735963485
0.0362069282
0.0574279331
0.2431256700
0.2153241433
0.1847852730
0.2046400549
0.2426796408
0.2115412238
0.2147535783
0.4850025383
0.3842584062
0.2982833906
0.2862289884
0.2983965967
0.3205702307
0.4075939077
0.3837019475
0.3722526539
0.3643854254
0.3545772580
0.3586018216
0.2536420080
0.1189047200
